ISBN	Precio
0006860249	4,39
0060778970	14,63
0099448599	10,64
0099448629	10,68
0099453959	11,04
0099453967	10,64
0140224327	7,98
0140288708	5,08
0140442480	13,59
0140449094	15,58
0141029722	12,14
0141182598	8,32
0141399511	10,80
0143104829	12,63
0151005346	14,61
0192741829	19,81
019516671X	49,57
0195383168	46,11
0198306156	9,71
019871517X	51,51
0198778538	32,54
0199123446	0,78
0199593558	31,03
0199641811	49,85
0199651337	89,75
0217106633	28,93
023114475X	24,77
023116842X	49,08
0231175965	17,97
0231177410	14,57
0233978402	81,00
024114602X	12,63
0241189241	23,28
0241189438	22,83
0241203414	13,50
0241204224	9,00
0241207398	23,20
0241208734	21,75
0241969603	6,79
024197352X	8,35
0241980089	6,79
0262024187	18,44
0262029855	28,66
0262034247	20,09
0262034891	20,40
0262515067	16,51
0262527340	27,00
0262527405	23,81
0262528827	34,50
0262530201	7,26
026253097X	53,93
0297852493	34,63
0300198647	15,54
0304304662	8,40
031334339X	295,46
0333684095	4,33
0393028127	14,93
0393315096	13,10
0413774759	23,30
0415153131	45,47
0415167914	25,97
0415206634	44,42
0415263530	59,37
0452296501	8,90
0452297303	11,30
0465056741	20,80
0471526266	98,90
0471679526	11,93
0486451526	17,24
0495912654	99,94
0500010935	13,05
0521115582	38,70
0521144655	29,69
0521410355	28,52
0521663873	31,11
0521764580	85,98
0521778158	31,11
0534576400	14,49
0543825124	18,71
0543825140	18,71
0554075105	23,32
055407527X	23,32
0554075458	23,32
0554075547	23,32
0554081636	23,32
0554081644	23,32
0554081792	23,32
055408189X	23,32
0559052049	22,14
0571288510	17,75
0571288529	9,22
0571331580	12,10
0615615791	10,91
063113106X	8,15
0631166211	17,80
0631195564	2,95
0631200215	33,91
0674276701	13,98
0691157804	44,51
0710004389	2,95
0710200234	29,99
071367587X	14,57
0714544469	11,66
0714846031	27,64
0719044138	17,97
0719082307	18,63
074533234X	18,46
0745335489	17,97
0745649904	21,86
074569621X	20,40
0752441213	18,91
0753810255	14,65
0753820870	10,68
075382101X	1,39
0753821192	10,19
0753824337	10,68
0753826933	10,19
0753828626	12,25
0753829282	11,66
0754640876	116,69
075669597X	12,79
0783811837	47,95
0801815452	14,53
0801852420	39,07
0805082840	17,48
0812060202	75,00
0812222156	15,54
0816188254	84,77
0822004151	3,65
0822322188	25,91
0822331977	27,70
0826496563	23,87
0826514707	23,32
0851242480	22,05
0851247903	7,96
0851248098	6,79
0872209709	14,68
0883450577	14,50
0887845746	18,47
0893817767	36,86
0896081001	14,50
0896083063	22,83
089608695X	2,46
0919473539	15,29
0921586248	21,21
0935568468	62,29
0936388560	34,72
0938972189	115,00
0948230231	1,78
0973169818	104,84
0992245338	22,69
1104001527	31,12
111183914X	64,00
1115056808	23,03
1137000678	34,01
1137367067	38,09
1138206709	101,70
1138938653	86,22
1141105578	32,59
114455845X	39,84
1147558620	28,17
1150811196	18,18
1154852962	11,67
1154852970	31,10
1162960043	33,92
116317596X	25,71
116318666X	15,81
1167251792	37,71
1173180559	23,82
1235397602	18,09
1245833162	20,05
124630354X	17,46
124694278X	28,55
1247691721	18,80
1258766078	42,17
1272421112	18,80
1277805180	30,12
1278200096	34,99
1278442812	24,92
1279174994	27,06
1279738766	33,52
1287549551	19,57
1293194549	22,36
1294280953	20,09
1296221849	19,88
1297134788	21,00
129732823X	10,87
1297414284	10,90
1329988167	14,25
1330731867	16,62
1330776380	17,49
1332573967	14,78
133323452X	11,37
1333632843	10,20
1333652216	10,69
1333709617	20,80
1346305560	30,67
1346322732	30,04
137288534X	17,50
1403917299	31,19
1405000996	0,01
1405110457	3,64
1405345829	11,46
1405353104	0,56
1409329127	27,08
1409443809	114,67
1414201737	39,16
1420949705	16,23
1420949721	14,97
1420949748	15,07
1433124475	31,40
1433132834	71,87
1456532138	9,86
145905928X	12,29
1461273099	65,47
1476751986	28,40
1477401199	10,39
1482035030	8,88
1495013030	15,70
1500327115	22,81
1500719234	5,92
1505591457	20,34
1506337163	22,83
1507829469	13,42
1511567171	26,07
1514389053	11,01
1517048591	10,39
1517051096	7,40
1518655912	5,13
152328045X	7,49
1523458003	10,40
1525215663	29,14
1532821344	8,27
1533011869	11,07
1534653473	18,35
1535532858	6,94
1536807605	25,44
153680777X	28,34
1536809764	28,27
1536950130	6,52
1536956422	5,58
1537166727	13,02
1539332624	13,43
1539350002	22,22
1551640023	14,18
1551642611	14,62
1551642867	9,70
1565843975	18,12
1565848594	17,68
1566561280	12,63
1566892279	17,48
1567513441	25,75
1567922953	26,39
1583671536	13,59
1583676058	23,81
1586633953	14,61
1594390266	16,11
1608463311	15,54
1608464008	14,85
1608464245	16,66
1609804546	11,17
1612051820	31,57
1614278040	11,11
1623156947	72,42
162779381X	25,75
1628870729	10,68
1633882357	17,97
1634594703	44,64
1634595432	188,25
1634595513	44,63
1634596811	175,17
163460749X	49,63
174059780X	13,38
1741140781	5,65
1781383146	113,71
1782224122	18,32
1783190442	11,82
1783190493	14,57
1783740922	16,91
1840024356	11,66
184046237X	5,82
1841504637	52,97
1843910659	5,01
1843922282	104,00
1844370011	3,63
1844672573	18,46
1846680409	11,66
1846682681	10,68
1848310889	2,49
1848312946	10,50
1852421177	6,01
1855662671	23,81
1857155025	16,00
185984040X	4,76
1859843778	18,46
1859845010	13,59
1860463533	3,64
1873176791	32,14
1876175133	5,24
1878825224	14,16
1893010287	48,47
189355497X	16,52
189543162X	8,87
1902593359	18,95
1902593693	11,83
1904978681	24,00
1906838313	17,97
1906838615	21,61
1906838658	23,81
1908276789	11,66
1911214195	9,02
1933633832	14,49
193438917X	14,08
1936599325	23,70
2013725841	11,30
2020208962	6,90
2020339978	15,20
2020372967	15,20
2020513935	15,20
2020658275	18,30
202067985X	19,30
2020837951	11,31
2020888076	22,30
2020961296	19,30
2020979659	22,30
2021029484	23,30
2021078736	19,50
2021110354	22,00
2080812610	8,20
2211069711	4,60
2264038128	7,12
226616922X	6,21
2266261541	5,99
234310087X	25,00
2709613980	1,00
271860929X	16,00
2748900375	10,20
2757830465	7,30
2757861301	7,98
2895962308	31,30
2897191813	19,00
2897192453	19,00
2910557049	17,33
2916890955	14,90
2930402202	9,69
3442737214	15,75
3458360093	9,71
3458360247	9,71
3458360824	9,71
3518466585	9,71
3518586947	25,27
3548602746	0,01
3631498667	38,86
3640261399	12,63
3650401606	16,47
3656595275	5,53
3656911800	10,15
3662510375	135,19
3668265046	9,29
3828893651	24,20
3897710552	13,60
3897710609	15,55
3937683607	8,26
5518636385	46,86
8126517476	16,91
8189833286	5,59
8324027734	22,75
8324028765	20,79
8324032827	21,57
8372000557	84,56
8373190732	7,90
8373193561	13,95
8855801678	21,96
8855802267	15,00
8861454259	13,00
8884514819	17,30
9028426159	69,93
9061123097	7,80
9781405884426	20,04
9812688978	2,61

